1110100011101000111010001110100011101000111010001110100011
1010001110100011101000111010001110100011101000111010001110
1000111010001110100011101000111010001110100011101000111010
1110100011101000111010001110100011101000111010001110100011
1010001110100011101000111010001110100011101000111010001110
1000111010001110100011101000111010001110100011101000111010
1110100011101000111010001110100011101000111010001110100011
1010001110100011101000111010001110100011101000111010001110
1000111010001110100011101000111010001110100011101000111010
1110100011101000111010001110100011101000111010001110100011
1010001110100011101000111010001110100011101000111010001110
1000111010001110100011101000111010001110100011101000111010
1110100011101000111010001110100011101000111010001110100011
1010001110100011101000111010001110100011101000111010001110
1000111010001110100011101000111010001110100011101000111010
1110100011101000111010001110100011101000111010001110100011
1010001110100011101000111010001110100011101000111010001110
1000111010001110100011101000111010001110100011101000111010
1110100011101000111010001110100011101000111010001110100011
1010001110100011101000111010001110100011101000111010001110
1000111010001110100011101000111010001110100011101000111010
1110100011101000111010001110100011101000111010001110100011
1010001110100011101000111010001110100011101000111010001110
1000111010001110100011101000111010001110100011101000111010
1110100011101000111010001110100011101000111010001110100011
1010001110100011101000111010001110100011101000111010001110
1000111010001110100011101000111010001110100011101000111010
1110100000101000111010001110100011101000111010001110100011
1010001110100011101000111010001110100011101000111010001110
1000111010001110100011101000111010001110100011101000111010
1110100011101000111010001110100011101000111010001110100011
1010001110100011101000111010001110100011101000111010001110
1000111010001110100011101000111010001110100011101000111010
1110100011101000111010001110100011101000111010001110100011
1010001110100011101000111010001110100011101000111010001010
1000111010001110100011101000111010001110100011101000111010
1110100011101000111010001110100000101000111010001110100011
1010001110100011101000111010001110100011101000111010001110
1000111010001110100011101000111010001110100011101000111010
1110100011101000111010001110100011101000111010001110100010
1101001011010010110100101101001011010010110100101101001011
1110100011101000111010001110100011101000111010001110100011
1010001110100011101000111010001110100011101000111010001110
1000111010001110100011101000111010001110100011101000111010
1110100011101000111010001110100011101000111010001110100000
1010001110100011101000111010001110100011101000111010001110
1000111010001110100011101000111010001110100011101000111010
1110100010110100101101001011010010110100101101001011010010
1101001011010010110100101101001011010010110100101101001011
1111010011110100111101001111010011110100111101001111010010
1101001011010011110100101101001110100011101000111010001110
1000111010001110100011101000111010001110100011101000101101
1110100011101000111010001110100011101000111010001110100011
1010001110100011101000001010001110100011101000111010001110
1000111010001110100011101000111010001110100011101000111010
1110100011101000101101001011010010110100101101001011010010
1101001011010010110100101101001011010010110100101101001110
1000101101001011010010110100101101001011010010110100101101
1111010011110100111101001111010011110100111101001111010011
1101001111010011110100111101001111010011110100111101001111
1110100011101000111010001111010010101100111010001110100011
1010001110100011101000111010001110100011101000001010001110
1000111010001110100011101000111010001110100011101000111010
1110100011101000101101001011010010110100101101001011010010
1101001011010010110100101101001011010010110100101101001011
1011010010110100101101001111010011110100111101001111010011
1101001111010011110100111101001111010011110100111101001111
1011010010110100111010001110100011101000111010001110100011
1010001110100011101000111010001110100011101000111010001110
1000111010000010100011101000111010001110100011101000111010
1110100011101000101101001011010010110100101101001011010010
1101001011010010110100101101001011010010110100101101001011
1011010010110100101101001011010010110100101101001011010010
1101001011010010110100111101001111010011110100111101001111
1011010010110100101101001011010011101000111010001110100011
1010001110100011101000111010001110100011101000111010001110
1000111010001110100011101000111010000010100011101000111010
1110100011101000111010001011010010110100101101001011010010
1101001011010010110100101101001011010010110100101101001011
1011010010110100101101001011010010110100101101001011010010
1101001011010010110100101101001011010011110100111101001111
1011010010110100101101001011010010110100101101001011010010
1101001110100011101000111010001110100011101000111010001110
1000111010001110100010110100111010001110100011101000111010
1110100011101000111010001110100011101000111010001011010010
1101001011010010110100101101001011010010110100111010001011
1110100011101000111010001110100010110100101101001111010100
1110100011101000101101001110100011101000101101001011010010
1101001011010011110100111101001011010010110100101101001110
1000111010001110100011101000111010001110100011101000111010
1110100010110100101101001011010010110100101101001011010010
1101001110100011101000111010001110100011101000101101001011
1110100011101000111010001110100010110100101101001011010010
1011001011010011110100111101001010110100000000101101001011
1111010010110100111010001011010010110100111010001011010010
1101001011010010110100101101001011010011110100111101001111
1110100011101000111010001110100010110100101101001011010010
1101001011010010110100101101001011010011101000111010001110
1000111010001110100011101000101101001011010010110100101101
1011010010110100101101001011010010110100101101001011010010
1101001011010010110100101101001111010010110100101011010000
1111010010110100101101001011010010110100101101001011010011
1010001110100010110100101101001011010010110100101101001111
1110100011101000001010001110100011101000111010001110100010
1101001011010010110100101101001011010010110100101101001110
1000101101001110100011101000111010001110100011101000111010
1011001010110010101100101011001010110100000001000000010000
1011010010110100101101001011010010110100101101001110100011
1010001110100010110100101101001011010010110100101101001011
1110100011101000111010001110100011101000001010001110100011
1010001110100011101000101101001011010010110100101101001011
1011010010110100101101001011010010101000101010001001010100
1100100101010000000100000000111101001110100011101000111010
1010001011010010110100101101001011010010110100101101001011
1011010010110100111010001110100011101000111010001110100011
1010000010100011101000111010001110100011101000101101001011
1110100011101000111010001110100011101000101101001011010011
1010001110100100000001000000001010100010101000100101010000
1110100011101000101101001011010011110100101011010000000010
1101001011010010110100101101001011010010110100101101001011
1011010010110100101101001011010100000000111010001110100011
1010001110100011101000111010000010100011101000111010001110
1000111010001011010010110100101101001010110100000000111010
1011010010101101000000001110100011101000111010001110100011
1010001110100011101000111010001110100010001101000000001011
1110100011101000101101001011010010110100101101001011010011
1101001010110010101000111101001010100011110100101101001011
1110100011101000111010001011010010110100101101001011010010
1101001111010011101000111010001110100011101000111010000010
1000111010001110100011101000111010010000000010110100111010
1110100011101000101101001011010010110100101101001011010011
1101010000000011101000101101001110100011101000111010010000
1011010010110100101101001011010011110100111101001011010011
1101001111010010101101000000010000000100000001000000010000
1011010010110100101101001011010011101000111010001110100011
1010001110100010110100101101001111010011110100101011001001
1110100011101000111010001110100010110100101101001011010010
1101001011010011110100101011001010100100000000111010001110
1000111010001001010010001101000000001000110010110100111101
1011010010110100111101001111010011110100101011001010110010
1010001001010100000001000000001010110100000000111101001010
1100101010001000110010110100101011001010100011110101000000
1111010011110100111101001011010010110100101101001011010010
1101001011010010110100101101001011010010110100101101001010
1000101010001011010010010100111010001110100000101000111010
1110100011101000111010001011010010110100111010001011010010
1101001011010011110100111101001010110010101100101010010000
1010110010101100101011001010110010101100101010001010100100
1100101010001010100010110101000000001000110010001100100101
1000110010101001000000001000110010001100100011010000000011
1101001010110010101000101010010000000010101000101010001010
1000101010001010100100000001000000010000000011101000111010
1111010010110100101101001010110010101100101011001010110010
1011001010110010101100101011001010100010101001000000010000
1010110010101000101010001010100010101001000000010000000100
1110100100000001000000010000000100000001000000010000000100
1100100011010000000100000001000000010000000100000001000000
1111010011110100111101001010110010001100100011010000000010
1010001001010011110100101011010000000010101001000000001010
1000100101001001010100000001000000010000000100000001000000
1011010000000100000001000000010000000010101101000000010000
1010110010101100101011001010110011110100111101001111010011
1101010000000010110100101011001010110010001100100011001000
1101000000001001010100000000101010010000000100000001000000
1010100010101000101011001011010010110100111010001110100011
1010001110100010110100101101010000000100000000100101010000
1110100011101000111010000010100011101000111010001110100011
1010001011010010110100101101010000000100000001000000010000
1010001010110011110100101011001010110010101100101010001010
1000100101010000000100000001000000010000000100000001000000
1011010010110100111010001110100011101000111010001110100011
1010001110100010110100101101001010100010110100101101001011
1011010010110100111010001110100011101000111010000010100011
1010001110100011101000111010001011010010110100101101010000
1011010011110100101101001010110011110101000000001000110011
1101001000110010010100100011001000110010101000101010001010
1000100011001000110100000001000000010000000100000001000000
1111010011110100101101001011010010110100111010001110100011
1010001110100011101000111010001110100011101000111010001110
1000111010001011010010110100101101001011010011110100101011
1011010010110100111101001011010010110100111010001110100011
1010001110100000101000111010001110100011101000111010001011
1011010010110100101101001011010010110100100011001000110100
1101001011010010110100111010001110100011101000111010001110
1000111010001110100011101000111010001110100011101000111010
1011010010110100101101001111010011110100111101001011010010
1101001110100011101000111010001110100000101000111010001110
1000111010001110100010110100101101001011010010110100101101
1011010010110100101101001011010010110100101101001011010010
1101001011010010101001000000001000110010001100111101001010
1101000000010000000010010101000000001111010011110100101101
1101001011010010110100101101001011010010110100101101001011
1011010010110100111101001111010011110100111101001111010011
1101001111010010110100111010001110100011101000111010001110
1000001010001110100011101000111010001011010010110100101101
1011010010110100101101001011010010110100111010001011010010
1101001011010010110100101101001011010010010100101011001000
1100100101010000000100000001000000010000000100000000100011
1010100010101000100011010000000011110100111101001111010011
1101001111010011110100111101001111010010110100111010001110
1000111010001110100011101000001010001110100011101000111010
1011010010110100101101001011010010110100101101001110100010
1101001011010010110100101101001011010010110100101101001011
1010110010101000101010001010100100000000101010001111010011
1101001111010010101100101011001010110010101100101011001010
1100111101001011010011101000111010001110100011101000001010
1011010010110100101101001011010010110100101101001011010010
1101001111010010110100101101001011010010110100101101001011
1001010100000001000000010000000100000001000000001010100100
1010100010101000101010010000000100000001000000010000000010
1100101101001010110010101100111101001011010011101000111010
1011010010110100101101001011010010110100101101001011010010
1101001011010010110100101101001011010010110100111010001110
1000111010001110100011101000101101001011010010110100101101
1011010010110100101101001000110010001100101101001011010010
1101001011010010110101000000010000000010110100101101001011
1001010100000001000000010000000100000001000000010000000010
1100101011001010110010101100101011001010110010101100111101
1110100011101000101101001011010010110100101101001011010010
1101001011010010110100101101001011010010110100101101001011
1011010010110100101101001011010010110100101101001011010010
1101001011010010110100101101001011010010110100101101001011
1110100000101000111010001110100011101000101101001011010010
1101001111010011110100111101001111010011110100111101001011
1011010010110100101101001011010010110100101101001011010010
1101001011010010110100111101001011010010110100101101001011
1110100011101000111010001110100000101000111010001110100011
1010001011010010110100101101001111010011110100111101001111
1011010010110100101101001011010010110100101101001011010010
1101001011010010110100101101001011010010110100101101001011
1111010010110100101101001011010010110100101101001000110100
1111010011110100101101001110100011101000111010001110100000
1010001110100011101000111010001011010010110100111101001111
1111010010110100101101001011010010110100101101001011010010
1101001011010010110100101101001011010010110100101101001011
1111010011110100111101001111010011110100111101001111010011
1101001011010010110100101101001011010010110100101101001011
1111010011110100111101001111010011110100111101001011010011
1010001110100011101000001010001110100011101000111010001011
1111010011110100111101001011010010110100101101001110100011
1010001110100011101000101101001111010011110100111101001111
1111010011110100111101001111010011110100111101001111010011
1101001111010011110100111101001111010010101100111101001111
1011010010110100111101001111010011110100101011001111010011
1101001111010010110100111010001110100011101000001010001110
1000111010001110100010110100101101001111010011110100111101
1111010011110100111101001111010011110100111101001111010011
1101001111010010110100101101001110100011101000111010001110
1000111010001111010011110100111101001111010011110100111101
1111010011110100111101001111010011110100111101001111010010
1011001111010011110100111101001111010010110100111010001011
1011010011110100111101001111010011110100111101001111010011
1101001011010010110100101101001111010010110100111010001110
1000111010000010100011101000111010001110100010110100101101
1111010011101000111101001111010011110100111101001111010011
1101001111010011110100111101001111010011110100101101001011
1111010011110100111101001111010011110100111101001111010011
1101001111010011110100111101001111010011101000111010001110
1000101101001011010010110100101101001011010011110100111101
1011010011110100111101001111010011110100111101001111010011
1101001111010011110100111101001010110011110100111101001111
1000000101110001111100001000000010000001011111001000000101
1100011111000010000001011111010111110101111101011111010111
1100001000000010000001011111001000000101110000100000001000
1011010010110100101101001011010011110100111101001111010011
1101001111010011110100111101001111010011110100111101001010
1100111101001111010011110100101101001110100011101000111010
1000000111110000100000011111000010000001111100001000000111
1100001000000111110000100000011111000010000000100000010111
1101111100001000000010000001011100001000000101110000100000
1111000010000001111100001000000111110000100000011111000101
1111001010010010000001111100001000000111110000100000011111
1111010011101000101101001011010010110100101101001011010011
1101001111010011110100111101001111010011110100111101001111
1011110111110000100000011111000101111101111100001000000111
1100001000000010000001011111001000000011110001111100001000
1111010011110100111101001111010011101000101101001011010010
1101001011010010110100111101001111010011110100111101001111
1000000101110001011111010111110101111101011111010111000101
1111010111110101111100101111011111000101111101011111010111
1101011111001011110111110001011111010111110101111101011111
1111010111110010111101111100010111110111110000100000010111
1101011111001000000010000000100000001000000101111100100000
1000000010000000001010011111000010000001011111010111110101
1111010111110101110000100000010111000010111100100000001011
1100100000001000000101111100100000010111000111110000100000
1111011111000101111100100000001000000010000001011111011111
1011110010000000101111001000000101111101011111010111110101
1111010111000010000001011100001000000010111100100000001011
1100100000010111110101111101011111011111000010000000100000
1000000101111100100000010111000010000000001010011111000010
1111000010000001111100010111110010100100100000011111000111
1100001000000111110000100000001000000010000001111100001000
1111000010000000100111001000000010111101111100001000000010
1000100000001011110010000001111100001000000010000000100000
1000000111110000100000011111000101111100101001001000000111
1100000010100111110000100000011111000101111101011111010111
1100100000001011110010000000100000010111000111110000100000
1100011111000010000001111100010111110101111101011111001000
1111001000000011110000100000000010100111110001011111010111
1101011111010111110101111100101111010111110010111101011100
1111000101111101011111010111110101111101011111011111000101
1111011111000101111101011100010111110101110001111100010111
1101111100001000000101111101011111011111000101111101111100
1111000101111101111100001000000101110001011111010111000101
1111011111000101110001011111010111000101111101011111010111
1101011111010111110111110000100000011111000101111101111100
1100010111110111110000100000010111000101111101011100000010
1001011100001000000101110000100000001000000010000000101111
1111000010000000100000010111110010000001011100011111000010
1010110010101100101011001010110011110100101011001111010010
1101001011010010101100101011001010110011110100101101001110
1000111010001110100000101000100000010111000010000001011100
1001001000000111110000100000011111000101110000101111011111
1011110010000001011111001000000101110000100000011111000010
1111010011110100111101001010110010101100101011001010110011
1101001010110011110100101101001011010010101100101011001010
1100111101001011010011101000111010001110100000101000100000
1111000010000001111100010111110101111101011111011111000010
1111000010000000101111001000000101111101011111010111110010
1100100000001111010011110100111101001111010011110100111101
1111010011110100111101001111010011110100111101001010110010
1011001010110010101100111101001010110011110100101101001011
1011110010000000100000011111000101111101011111010111110101
1111010111110111110001011111011111000010000001011100010111
1101011100010111110111110000100000001000000111110001011111
1101011111010111110101111101111100001111010011110100111101
1011010010110100101101001111010011110100111101001111010011
1101001111010010101100101011001010110010101100111101001010
1100111101001011010010110100101011001010110010101100111101
1110100011101000101101001011010011110100111101001111010011
1101001010110010101100101011001111010010110100101101001011
1111010011110100101101001011010010110100101101001011010010
1101001110100011101000111010001110100011110100101101001110
1000101101001011010010110100111101001111010011110100111101
1111010011110100111101001011010010110100101101001111010011
1101001111010011110100111101001111010010101100101011001010
1100101011001111010010101100111101001011010010110100101011
1101001111010010101100101011001010110010101100101011001010
1100101011001111010011110100101101001011010010110100101011
1010110010101100101011001111010011110100111101001111010011
1101001111010011110100111101001011010010110100101101001011
1111010011110100111101001010110010101100101011001010110011
1101001111010010110100111101001111010011110100111101001111
1110100011101000111010000010100011101000111010001110100011
1010001110100010110100101101001111010011110100111101001111
1010110010101100101011001010110010101100101011001111010010
1101001011010010110100101101001011010010110100101101001011
1111010011110100101011001010110010101100101101001011010010
1101001011010010110100101101001011010010110100101101001111
1110100011101000111010001110100011101000111010000010100011
1010001110100011101000111010001110100011101000111010001110
1000111101001111010011110100111101001111010011110100101011
1010110010101100101011001010110010101100101011001010110010
1011001010110010101100101011001010110010101100101011001010
1100111101001010110010101100101011001010110011110100111101
1111010011110100101011001010110010101100101011001110100010
1101001011010010110100101101001011010010110100101101001111
1110100011101000111010001110100011101000111010001110100011
1010001110100000101000111010001110100011101000111010001110
1000111010001110100011101000111010001110100011101000111010
1011010011110100111101001111010011110100111101001111010011
1101001010110010101100111101001010110010101100101011001010
1100101011001010110010101100101011001010110010101100101011
1111010011110100111101001111010011110100111101001111010011
1101001011010010110100101101001011010010110100101101001011
1110100011101000111010001110100011101000111010001110100011
1010001110100011101000111010001110100000101000111010001110
1000111010001110100011101000111010001110100011101000111010
1110100011101000111010001110100011101000111010001110100011
1010001110100011101000111010001011010010110100101101001011
1111010010110100101101001011010010110100101101001110100011
1010001011010011101000111010001110100011101000111010001110
1000111010001110100011101000111010001110100011101000111010
1110100011101000111010001110100011101000111010001110100011
1010001110100011101000111010001110100011101000111010001110
1000001010001110100011101000111010001110100011101000111010
1110100011101000111010001110100011101000111010001110100011
1010001110100011101000111010001110100011101000111010001110
1000111010001110100011101000111010001110100011101000111010
1110100011101000111010001110100011101000111010001110100011
1010001110100011101000111010001110100011101000111010001110
1000111010001110100011101000111010001110100011101000111010
1110100011101000111010001110100011101000111010001110100011
1010001110100011101000111010001110100011101000111010001110
1000111010001110100011101000001010001110100011101000111010
1110100011101000111010001110100011101000111010001110100011
1010001110100011101000111010001110100011101000111010001110
1000111010001110100011101000111010001110100011101000111010
1110100011101000111010001110100011101000111010001110100011
1010001110100011101000111010001110100011101000111010001110
1000111010001110100011101000111010001110100011101000111010
1110100011101000111010001110100011101000111010001110100011
1010001110100011101000111010001110100011101000111010001110
1000111010001110100011101000111010001110100011101000001010
