22222
22226
22227
22228
22262
22266
22267
22268
22272
22276
22277
22278
22282
22286
22287
22288
22622
22626
22627
22628
22662
22666
22667
22668
22672
22676
22677
22678
22682
22686
22687
22688
22722
22726
22727
22728
22762
22766
22767
22768
22772
22776
22777
22778
22782
22786
22787
22788
22822
22826
22827
22828
22862
22866
22867
22868
22872
22876
22877
22878
22882
22886
22887
22888
26222
26226
26227
26228
26262
26266
26267
26268
26272
26276
26277
26278
26282
26286
26287
26288
26622
26626
26627
26628
26662
26666
26667
26668
26672
26676
26677
26678
26682
26686
26687
26688
26722
26726
26727
26728
26762
26766
26767
26768
26772
26776
26777
26778
26782
26786
26787
26788
26822
26826
26827
26828
26862
26866
26867
26868
26872
26876
26877
26878
26882
26886
26887
26888
27222
27226
27227
27228
27262
27266
27267
27268
27272
27276
27277
27278
27282
27286
27287
27288
27622
27626
27627
27628
27662
27666
27667
27668
27672
27676
27677
27678
27682
27686
27687
27688
27722
27726
27727
27728
27762
27766
27767
27768
27772
27776
27777
27778
27782
27786
27787
27788
27822
27826
27827
27828
27862
27866
27867
27868
27872
27876
27877
27878
27882
27886
27887
27888
28222
28226
28227
28228
28262
28266
28267
28268
28272
28276
28277
28278
28282
28286
28287
28288
28622
28626
28627
28628
28662
28666
28667
28668
28672
28676
28677
28678
28682
28686
28687
28688
28722
28726
28727
28728
28762
28766
28767
28768
28772
28776
28777
28778
28782
28786
28787
28788
28822
28826
28827
28828
28862
28866
28867
28868
28872
28876
28877
28878
28882
28886
28887
28888
62222
62226
62227
62228
62262
62266
62267
62268
62272
62276
62277
62278
62282
62286
62287
62288
62622
62626
62627
62628
62662
62666
62667
62668
62672
62676
62677
62678
62682
62686
62687
62688
62722
62726
62727
62728
62762
62766
62767
62768
62772
62776
62777
62778
62782
62786
62787
62788
62822
62826
62827
62828
62862
62866
62867
62868
62872
62876
62877
62878
62882
62886
62887
62888
66222
66226
66227
66228
66262
66266
66267
66268
66272
66276
66277
66278
66282
66286
66287
66288
66622
66626
66627
66628
66662
66666
66667
66668
66672
66676
66677
66678
66682
66686
66687
66688
66722
66726
66727
66728
66762
66766
66767
66768
66772
66776
66777
66778
66782
66786
66787
66788
66822
66826
66827
66828
66862
66866
66867
66868
66872
66876
66877
66878
66882
66886
66887
66888
67222
67226
67227
67228
67262
67266
67267
67268
67272
67276
67277
67278
67282
67286
67287
67288
67622
67626
67627
67628
67662
67666
67667
67668
67672
67676
67677
67678
67682
67686
67687
67688
67722
67726
67727
67728
67762
67766
67767
67768
67772
67776
67777
67778
67782
67786
67787
67788
67822
67826
67827
67828
67862
67866
67867
67868
67872
67876
67877
67878
67882
67886
67887
67888
68222
68226
68227
68228
68262
68266
68267
68268
68272
68276
68277
68278
68282
68286
68287
68288
68622
68626
68627
68628
68662
68666
68667
68668
68672
68676
68677
68678
68682
68686
68687
68688
68722
68726
68727
68728
68762
68766
68767
68768
68772
68776
68777
68778
68782
68786
68787
68788
68822
68826
68827
68828
68862
68866
68867
68868
68872
68876
68877
68878
68882
68886
68887
68888
72222
72226
72227
72228
72262
72266
72267
72268
72272
72276
72277
72278
72282
72286
72287
72288
72622
72626
72627
72628
72662
72666
72667
72668
72672
72676
72677
72678
72682
72686
72687
72688
72722
72726
72727
72728
72762
72766
72767
72768
72772
72776
72777
72778
72782
72786
72787
72788
72822
72826
72827
72828
72862
72866
72867
72868
72872
72876
72877
72878
72882
72886
72887
72888
76222
76226
76227
76228
76262
76266
76267
76268
76272
76276
76277
76278
76282
76286
76287
76288
76622
76626
76627
76628
76662
76666
76667
76668
76672
76676
76677
76678
76682
76686
76687
76688
76722
76726
76727
76728
76762
76766
76767
76768
76772
76776
76777
76778
76782
76786
76787
76788
76822
76826
76827
76828
76862
76866
76867
76868
76872
76876
76877
76878
76882
76886
76887
76888
77222
77226
77227
77228
77262
77266
77267
77268
77272
77276
77277
77278
77282
77286
77287
77288
77622
77626
77627
77628
77662
77666
77667
77668
77672
77676
77677
77678
77682
77686
77687
77688
77722
77726
77727
77728
77762
77766
77767
77768
77772
77776
77777
77778
77782
77786
77787
77788
77822
77826
77827
77828
77862
77866
77867
77868
77872
77876
77877
77878
77882
77886
77887
77888
78222
78226
78227
78228
78262
78266
78267
78268
78272
78276
78277
78278
78282
78286
78287
78288
78622
78626
78627
78628
78662
78666
78667
78668
78672
78676
78677
78678
78682
78686
78687
78688
78722
78726
78727
78728
78762
78766
78767
78768
78772
78776
78777
78778
78782
78786
78787
78788
78822
78826
78827
78828
78862
78866
78867
78868
78872
78876
78877
78878
78882
78886
78887
78888
82222
82226
82227
82228
82262
82266
82267
82268
82272
82276
82277
82278
82282
82286
82287
82288
82622
82626
82627
82628
82662
82666
82667
82668
82672
82676
82677
82678
82682
82686
82687
82688
82722
82726
82727
82728
82762
82766
82767
82768
82772
82776
82777
82778
82782
82786
82787
82788
82822
82826
82827
82828
82862
82866
82867
82868
82872
82876
82877
82878
82882
82886
82887
82888
86222
86226
86227
86228
86262
86266
86267
86268
86272
86276
86277
86278
86282
86286
86287
86288
86622
86626
86627
86628
86662
86666
86667
86668
86672
86676
86677
86678
86682
86686
86687
86688
86722
86726
86727
86728
86762
86766
86767
86768
86772
86776
86777
86778
86782
86786
86787
86788
86822
86826
86827
86828
86862
86866
86867
86868
86872
86876
86877
86878
86882
86886
86887
86888
87222
87226
87227
87228
87262
87266
87267
87268
87272
87276
87277
87278
87282
87286
87287
87288
87622
87626
87627
87628
87662
87666
87667
87668
87672
87676
87677
87678
87682
87686
87687
87688
87722
87726
87727
87728
87762
87766
87767
87768
87772
87776
87777
87778
87782
87786
87787
87788
87822
87826
87827
87828
87862
87866
87867
87868
87872
87876
87877
87878
87882
87886
87887
87888
88222
88226
88227
88228
88262
88266
88267
88268
88272
88276
88277
88278
88282
88286
88287
88288
88622
88626
88627
88628
88662
88666
88667
88668
88672
88676
88677
88678
88682
88686
88687
88688
88722
88726
88727
88728
88762
88766
88767
88768
88772
88776
88777
88778
88782
88786
88787
88788
88822
88826
88827
88828
88862
88866
88867
88868
88872
88876
88877
88878
88882
88886
88887
88888
